! UMM Nonlinear Pressure Table for Unified Momentum Model
! Reference: Liew et al. 2024 - "The Unified Momentum Model for rotor aerodynamics under
!            anisotropic inflow conditions"
!            Nature Communications, doi: 10.1038/s41467-024-50756-5
! Generated from: https://github.com/Howland-Lab/Unified-Momentum-Model/
!
! This file contains the pre-computed nonlinear pressure correction table used by the
! Unified Momentum Model (UMM) in OpenFAST AeroDyn. The table captures the nonlinear
! pressure recovery in the wake due to actuator disk loading/thrust.
!
! Table format:
!   - NumDP: Number of dp (CT/2) axis values
!   - NumX: Number of x (near-wake length in rotor diameters) axis values
!   - DP_VALS: dp axis values (CT/2, non-dimensional pressure drop)
!   - X_VALS: x axis values (downstream distance normalized by rotor diameter)
!   - P_TABLE: Pressure table values (NumX rows, NumDP columns per row)
!
---------------------- TABLE DIMENSIONS ----------------------
11         NumDP       - Number of DP (CT/2) axis values [-]
100        NumX        - Number of X (near-wake length) axis values [-]
---------------------- DP AXIS VALUES ------------------------
0.0  0.1  0.2  0.3  0.4  0.5  0.6  0.7  0.8  0.9  1.0
---------------------- X AXIS VALUES -------------------------
0.05  0.15  0.25  0.35  0.45  0.55  0.65  0.75  0.85  0.95  1.05  1.15  1.25  1.35  1.45  1.55  1.65  1.75  1.85  1.95  2.05  2.15  2.25  2.35  2.45  2.55  2.65  2.75  2.85  2.95  3.05  3.15  3.25  3.35  3.45  3.55  3.65  3.75  3.85  3.95  4.05  4.15  4.25  4.35  4.45  4.55  4.65  4.75  4.85  4.95  5.05  5.15  5.25  5.35  5.45  5.55  5.65  5.75  5.85  5.95  6.05  6.15  6.25  6.35  6.45  6.55  6.65  6.75  6.85  6.95  7.05  7.15  7.25  7.35  7.45  7.55  7.65  7.75  7.85  7.95  8.05  8.15  8.25  8.35  8.45  8.55  8.65  8.75  8.85  8.95  9.05  9.15  9.25  9.35  9.45  9.55  9.65  9.75  9.85  9.95
---------------------- PRESSURE TABLE ------------------------
0.00000000000000e+00  0.00000000000000e+00  0.00000000000000e+00  0.00000000000000e+00  0.00000000000000e+00  0.00000000000000e+00  0.00000000000000e+00  0.00000000000000e+00  0.00000000000000e+00  0.00000000000000e+00  0.00000000000000e+00
0.00000000000000e+00  0.00000000000000e+00  0.00000000000000e+00  0.00000000000000e+00  0.00000000000000e+00  0.00000000000000e+00  0.00000000000000e+00  0.00000000000000e+00  0.00000000000000e+00  0.00000000000000e+00  0.00000000000000e+00
0.00000000000000e+00  -1.35689274451000e-04  -5.74042429003888e-04  -1.47208061476794e-03  -3.11680015244862e-03  -5.66344103689740e-03  -8.85702130740952e-03  -1.15011147878710e-02  -1.19766712934574e-02  -1.28956833378620e-02  -1.35508230371025e-02
0.00000000000000e+00  -3.48634630202166e-04  -1.52320350327318e-03  -3.86765882678385e-03  -7.86539261446092e-03  -1.39690467282805e-02  -2.22827368237914e-02  -3.20495593066494e-02  -4.08915304061495e-02  -4.68646148920063e-02  -5.31516658350494e-02
0.00000000000000e+00  -4.93052571341984e-04  -2.17836179527459e-03  -5.54880088745598e-03  -1.12880709846609e-02  -2.01108068113785e-02  -3.24554744301225e-02  -4.79825489360040e-02  -6.48246733496747e-02  -7.87286860320456e-02  -9.22490818949689e-02
0.00000000000000e+00  -5.92757258190535e-04  -2.64059192003634e-03  -6.76137230362852e-03  -1.38115855859422e-02  -2.47372123067908e-02  -4.02782126276175e-02  -6.04788648683882e-02  -8.39503577013140e-02  -1.06826198235593e-01  -1.27423708151662e-01
0.00000000000000e+00  -6.62941269999921e-04  -2.97240630647468e-03  -7.64842525807273e-03  -1.56907884543803e-02  -2.82394627946651e-02  -4.62892754491424e-02  -7.02108618229120e-02  -9.90239857049022e-02  -1.29363450496335e-01  -1.55474549791241e-01
0.00000000000000e+00  -7.12024474984390e-04  -3.20994073522354e-03  -8.29656380865044e-03  -1.70882734365858e-02  -3.08830841611859e-02  -5.08832043249533e-02  -7.77237765427709e-02  -1.10753549934995e-01  -1.47007292138212e-01  -1.79803806838338e-01
0.00000000000000e+00  -7.45274148461068e-04  -3.37630290986958e-03  -8.76288670219583e-03  -1.81155867509636e-02  -3.28595902884368e-02  -5.43628244086244e-02  -8.34696328761099e-02  -1.19785329730753e-01  -1.60650943074351e-01  -1.99741461969380e-01
0.00000000000000e+00  -7.66370283463735e-04  -3.48771431733726e-03  -9.08793336994359e-03  -1.88533265241859e-02  -3.43106436461325e-02  -5.69587436568107e-02  -8.78047274350498e-02  -1.26649351370831e-01  -1.71060464280223e-01  -2.14967147084593e-01
0.00000000000000e+00  -7.78068197211434e-04  -3.55629699175141e-03  -9.30203499592768e-03  -1.93620497624472e-02  -3.53434257833177e-02  -5.88470932703906e-02  -9.10043570590638e-02  -1.31760664920581e-01  -1.78844724512263e-01  -2.26354948138940e-01
0.00000000000000e+00  -7.82503683151991e-04  -3.59143049698389e-03  -9.42863755379731e-03  -1.96885601618890e-02  -3.60408323801709e-02  -6.01642948206722e-02  -9.32822148726873e-02  -1.35442344603973e-01  -1.84479241676035e-01  -2.34590078692188e-01
0.00000000000000e+00  -7.81356619605410e-04  -3.60049708032440e-03  -9.48620175876879e-03  -1.98697162177276e-02  -3.64681446658690e-02  -6.10177671835650e-02  -9.48065263628721e-02  -1.37948656774381e-01  -1.88338158438329e-01  -2.40211543242053e-01
0.00000000000000e+00  -7.75954420110179e-04  -3.58934951125084e-03  -9.48940343850488e-03  -1.99348811471149e-02  -3.66774466757828e-02  -6.14932939769799e-02  -9.57116939872414e-02  -1.39482749216703e-01  -1.90720300653414e-01  -2.43649585304250e-01
0.00000000000000e+00  -7.67346075394600e-04  -3.56263907415359e-03  -9.44996373790001e-03  -1.99076060226450e-02  -3.67106589580736e-02  -6.16601101212717e-02  -9.61064177434400e-02  -1.40209160265424e-01  -1.91867921955173e-01  -2.45253154997532e-01
0.00000000000000e+00  -7.56358976985997e-04  -3.52406243392905e-03  -9.37726287559452e-03  -1.98068547793273e-02  -3.66017182957209e-02  -6.15745204457460e-02  -9.60794318093902e-02  -1.40262617632226e-01  -1.91979863207689e-01  -2.45309194324218e-01
0.00000000000000e+00  -7.43643919525274e-04  -3.47655458665162e-03  -9.27881301082464e-03  -1.96479340661545e-02  -3.63782080280257e-02  -6.12825685445093e-02  -9.57036814745059e-02  -1.39754372249147e-01  -1.91220932637589e-01  -2.44056271022919e-01
0.00000000000000e+00  -7.29711136404127e-04  -3.42244225666523e-03  -9.16063076673854e-03  -1.94432180018470e-02  -3.60626138649948e-02  -6.08220671375661e-02  -9.50394609831271e-02  -1.38776898095011e-01  -1.89728784867729e-01  -2.41694468901696e-01
0.00000000000000e+00  -7.14959206344572e-04  -3.36356659469558e-03  -9.02753382657639e-03  -1.92027215939994e-02  -3.56733097972172e-02  -6.02241778666885e-02  -9.41368312492368e-02  -1.37407476342958e-01  -1.87619112430001e-01  -2.38392775420933e-01
0.00000000000000e+00  -6.99698197817748e-04  -3.30138142236730e-03  -8.88337809730956e-03  -1.89345579817341e-02  -3.52253409934469e-02  -5.95146590138087e-02  -9.30375170179163e-02  -1.35710987295581e-01  -1.84989657950224e-01  -2.34294744284468e-01
0.00000000000000e+00  -6.84168145651276e-04  -3.23703182018740e-03  -8.73124760040239e-03  -1.86453044632357e-02  -3.47310496599481e-02  -5.87148604507119e-02  -9.17764143314426e-02  -1.33742118955263e-01  -1.81923371521565e-01  -2.29522925976187e-01
0.00000000000000e+00  -6.68553758873314e-04  -3.17141689804542e-03  -8.57360653387918e-03  -1.83402960945870e-02  -3.42005774109844e-02  -5.78425220641337e-02  -9.03827987858316e-02  -1.31547133570915e-01  -1.78490929023387e-01  -2.24182389321388e-01
0.00000000000000e+00  -6.52996100536202e-04  -3.10523986467326e-03  -8.41242102751532e-03  -1.80238614931179e-02  -3.36422696603223e-02  -5.69124173842594e-02  -8.88813001310594e-02  -1.29165292318910e-01  -1.74752761274210e-01  -2.18363554667158e-01
0.00000000000000e+00  -6.37601846258931e-04  -3.03904792908027e-03  -8.24925663688174e-03  -1.76995124396221e-02  -3.30630019080740e-02  -5.59368743277725e-02  -8.72926923838839e-02  -1.26630011805309e-01  -1.70760702268406e-01  -2.12144495272787e-01
0.00000000000000e+00  -6.22450614409732e-04  -2.97326408466565e-03  -8.08535644130974e-03  -1.73700965294922e-02  -3.24684436053067e-02  -5.49261979109161e-02  -8.56345372015570e-02  -1.23969808102815e-01  -1.66559337081867e-01  -2.06455725122594e-01
0.00000000000000e+00  -6.07600765229138e-04  -2.90821242735264e-03  -7.92170365245248e-03  -1.70379202651768e-02  -3.18632720450096e-02  -5.38890144939333e-02  -8.39217099247181e-02  -1.21209071237991e-01  -1.62187110775164e-01  -2.01328573284033e-01
0.00000000000000e+00  -5.93093986984308e-04  -2.84413833071183e-03  -7.75907186098218e-03  -1.67048484948150e-02  -3.12513461852086e-02  -5.28325530394439e-02  -8.21668314085096e-02  -1.18368703597846e-01  -1.57677245698242e-01  -1.96028406637484e-01
0.00000000000000e+00  -5.78958922487551e-04  -2.78122453348401e-03  -7.59806541806934e-03  -1.63723849083356e-02  -3.06358482937984e-02  -5.17628756786323e-02  -8.03806239215162e-02  -1.15466648577251e-01  -1.53058504242674e-01  -1.90590744841967e-01
0.00000000000000e+00  -5.65214036947737e-04  -2.71960397879653e-03  -7.43915194026970e-03  -1.60417373462578e-02  -3.00193997016946e-02  -5.06850673680337e-02  -7.85722056236936e-02  -1.12518330292168e-01  -1.48355826227821e-01  -1.85046375212988e-01
0.00000000000000e+00  -5.51869886146939e-04  -2.65937007107009e-03  -7.28268851955566e-03  -1.57138709128490e-02  -2.94041556764210e-02  -4.96033924355663e-02  -7.67493351798452e-02  -1.09537020913114e-01  -1.43590864061610e-01  -1.79422014036431e-01
0.00000000000000e+00  -5.38930910506849e-04  -2.60058487844333e-03  -7.12894289578790e-03  -1.53895512771464e-02  -2.87918834157645e-02  -4.85214242443429e-02  -7.49186157393247e-02  -1.06534148832904e-01  -1.38782434122585e-01  -1.73740865049364e-01
0.00000000000000e+00  -5.26396854117949e-04  -2.54328569884276e-03  -6.97811059108831e-03  -1.50693800620857e-02  -2.81840263574582e-02  -4.74421529593091e-02  -7.30856656767631e-02  -1.03519558257665e-01  -1.33946899140402e-01  -1.68023093045538e-01
0.00000000000000e+00  -5.14263886880240e-04  -2.48749032098056e-03  -6.83032880113431e-03  -1.47538238384841e-02  -2.75817573631958e-02  -4.63680754161892e-02  -7.12552620364601e-02  -1.00501728739617e-01  -1.29098493468303e-01  -1.62286227095299e-01
0.00000000000000e+00  -5.02525491414059e-04  -2.43320124293386e-03  -6.68568767649393e-03  -1.44432379365139e-02  -2.69860228292790e-02  -4.53012703102560e-02  -6.94314614719943e-02  -9.74879615317978e-02  -1.24944669373510e-01  -1.56545505125636e-01
0.00000000000000e+00  -4.91173163419487e-04  -2.38040905677176e-03  -6.54423949896474e-03  -1.41378860460989e-02  -2.63975793743723e-02  -4.42434613011270e-02  -6.76177025581547e-02  -9.44845383443971e-02  -1.21184270210550e-01  -1.50814169425833e-01
0.00000000000000e+00  -4.80196963951079e-04  -2.32909516491797e-03  -6.40600615640429e-03  -1.38379563862282e-02  -2.58170244353389e-02  -4.31960701351908e-02  -6.58168926239579e-02  -9.14968570466738e-02  -1.17441807713653e-01  -1.45103720904726e-01
0.00000000000000e+00  -4.69585954039736e-04  -2.27923396014919e-03  -6.27098523912322e-03  -1.35435750710382e-02  -2.52448218476418e-02  -4.21602614926511e-02  -6.40314816737765e-02  -8.85295480307717e-02  -1.13723350782403e-01  -1.39424138532033e-01
0.00000000000000e+00  -4.59328535768029e-04  -2.23079457441750e-03  -6.13915501709900e-03  -1.32548171793927e-02  -2.46813232836457e-02  -4.11369809505020e-02  -6.22635254975201e-02  -8.55865742899208e-02  -1.10034096823146e-01  -1.34670835639427e-01
0.00000000000000e+00  -4.49412718920705e-04  -2.18374228054084e-03  -6.01047850654696e-03  -1.29717159380713e-02  -2.41267862595976e-02  -4.01269871994856e-02  -6.05147396960889e-02  -8.26713177290526e-02  -1.06378484296592e-01  -1.30464850905888e-01
0.00000000000000e+00  -4.39826328399742e-04  -2.13803961404108e-03  -5.88490679398881e-03  -1.26942703514128e-02  -2.35813892916187e-02  -3.91308794492598e-02  -5.87865460460419e-02  -7.97866537938212e-02  -1.02760290086891e-01  -1.26302057045379e-01
0.00000000000000e+00  -4.30557164486506e-04  -2.09364726909436e-03  -5.76238175371958e-03  -1.24224515483273e-02  -2.30452446760692e-02  -3.81491207914232e-02  -5.70801123826173e-02  -7.69350161533790e-02  -9.91827139309909e-02  -1.22186142448869e-01
0.00000000000000e+00  -4.21593125575399e-04  -2.05052481196244e-03  -5.64283826877959e-03  -1.21562080678057e-02  -2.25184092849029e-02  -3.71820581566861e-02  -5.53963869812623e-02  -7.41184528864429e-02  -9.56484517820584e-02  -1.18120201257955e-01
0.00000000000000e+00  -4.12922301055155e-04  -2.00863124682451e-03  -5.52620604485674e-03  -1.18954702639259e-02  -2.20008936980157e-02  -3.62299393940590e-02  -5.37361282554792e-02  -7.17082696149559e-02  -9.21597596812044e-02  -1.14106809572000e-01
0.00000000000000e+00  -4.04533040467435e-04  -1.96792546217760e-03  -5.41241108991541e-03  -1.16401539789190e-02  -2.14926699388458e-02  -3.52929279114487e-02  -5.20999304557863e-02  -6.95212770506436e-02  -8.87185094650038e-02  -1.10148091826862e-01
0.00000000000000e+00  -3.96414003842496e-04  -1.92836658056714e-03  -5.30137691894883e-03  -1.13901636065627e-02  -2.09936780340493e-02  -3.43711152446140e-02  -5.04882459452354e-02  -6.73666395170248e-02  -8.53262374321905e-02  -1.06245778704175e-01
0.00000000000000e+00  -3.88554197132167e-04  -1.88991423007095e-03  -5.19302553242364e-03  -1.11453946467880e-02  -2.05038315809398e-02  -3.34645318618986e-02  -4.89014045366540e-02  -6.52448768774037e-02  -8.22591751199770e-02  -1.02401257724932e-01
0.00000000000000e+00  -3.80942995878777e-04  -1.85252875247107e-03  -5.08727820821595e-03  -1.09057358349559e-02  -2.00230224759086e-02  -3.25731564630715e-02  -4.73396303019926e-02  -6.31563594106908e-02  -7.97224160727786e-02  -9.86156175099427e-02
0.00000000000000e+00  -3.73570159634265e-04  -1.81617136023664e-03  -4.98405613971737e-03  -1.06710709150109e-02  -1.95511249319824e-02  -3.16969239899936e-02  -4.58030562019620e-02  -6.11013282499023e-02  -7.72264401929081e-02  -9.48896865463818e-02
0.00000000000000e+00  -3.66425839143747e-04  -1.78080425217082e-03  -4.88328094699247e-03  -1.04412801140276e-02  -1.90879988929871e-02  -3.08357325331111e-02  -4.42917368322496e-02  -5.90799132084595e-02  -7.47713952233026e-02  -9.12240671792153e-02
0.00000000000000e+00  -3.59500577907456e-04  -1.74639069573880e-03  -4.78487508314107e-03  -1.02162413660668e-02  -1.86334929346683e-02  -2.99894492896999e-02  -4.28056595391475e-02  -5.70921483423519e-02  -7.23573103180771e-02  -8.79942632903729e-02
0.00000000000000e+00  -3.52785309413406e-04  -1.71289508260508e-03  -4.68876215415086e-03  -9.99583132533496e-03  -1.81874467289012e-02  -2.91579157063288e-02  -4.13447541209094e-02  -5.51379855464126e-02  -6.99841130074943e-02  -8.62478785922274e-02
0.00000000000000e+00  -3.46271351075002e-04  -1.68028296270009e-03  -4.59486716735683e-03  -9.77992620209841e-03  -1.77496931352947e-02  -2.83409519183543e-02  -3.99139039920591e-02  -5.32173064409069e-02  -6.76516440155641e-02  -8.46375274623343e-02
0.00000000000000e+00  -3.39950395700133e-04  -1.64852106115298e-03  -4.50311672102072e-03  -9.56840244938409e-03  -1.73200599746150e-02  -2.75383605827392e-02  -3.86985073295019e-02  -5.13299327690093e-02  -6.53596702084634e-02  -8.30587399931461e-02
0.00000000000000e+00  -3.33814501151156e-04  -1.61757728162727e-03  -4.41343914540145e-03  -9.36113732399625e-03  -1.68983715301880e-02  -2.67499301865720e-02  -3.75626826301026e-02  -4.94756354954837e-02  -6.31078959137291e-02  -8.15108005825531e-02
0.00000000000000e+00  -3.27856078720524e-04  -1.58742069894228e-03  -4.32576460392059e-03  -9.15800934163117e-03  -1.64844498165046e-02  -2.59754379018960e-02  -3.64469073851189e-02  -4.77412921601929e-02  -6.08959728176053e-02  -7.99929738013374e-02
0.00000000000000e+00  -3.22067880638419e-04  -1.55802154333059e-03  -4.24002516156776e-03  -8.95889864274876e-03  -1.60781156484186e-02  -2.52146520474957e-02  -3.53508814472729e-02  -4.63187653933750e-02  -5.88809319954413e-02  -7.85045106882964e-02
0.00000000000000e+00  -3.16442987041216e-04  -1.52935117824470e-03  -4.15615482648265e-03  -8.76368728324501e-03  -1.56791895394078e-02  -2.44673342098235e-02  -3.42742923567511e-02  -4.49285486008496e-02  -5.76869482796523e-02  -7.70446540571758e-02
0.00000000000000e+00  -3.10974792659247e-04  -1.50138207326952e-03  -4.07408956964890e-03  -8.57225946178286e-03  -1.52874924532156e-02  -2.37332410680437e-02  -3.32168182136612e-02  -4.35631174474508e-02  -5.66204504757665e-02  -7.56126429549570e-02
0.00000000000000e+00  -3.05656993425466e-04  -1.47408777340429e-03  -3.99376732680412e-03  -8.38450169380103e-03  -1.49028464296662e-02  -2.30121259620267e-02  -3.21781301584734e-02  -4.22220489952843e-02  -5.55747248427271e-02  -7.42077163912322e-02
0.00000000000000e+00  -3.00483573160971e-04  -1.44744286573768e-03  -3.91512798597812e-03  -8.20030294067720e-03  -1.45250751024679e-02  -2.23037402368663e-02  -3.11578945108612e-02  -4.09049134483307e-02  -5.45491648408366e-02  -7.28291164414759e-02
0.00000000000000e+00  -2.95448790456536e-04  -1.42142294434303e-03  -3.83811336349657e-03  -8.01955470122044e-03  -1.41540041242715e-02  -2.16078343929934e-02  -3.01557746106767e-02  -3.96112766227397e-02  -5.35431714957402e-02  -7.14760908125597e-02
0.00000000000000e+00  -2.90547165839738e-04  -1.39600457405870e-03  -3.76266717080673e-03  -7.84215107157034e-03  -1.37894615120954e-02  -2.09241590670881e-02  -2.91714323990739e-02  -3.83684223611746e-02  -5.25561546917052e-02  -7.01478949464689e-02
0.00000000000000e+00  -2.85773469293667e-04  -1.37116525368646e-03  -3.68873497408201e-03  -7.66798877865350e-03  -1.34312779243797e-02  -2.02595205226195e-02  -2.82045297728323e-02  -3.75592987271665e-02  -5.15875341932439e-02  -6.88437937275640e-02
0.00000000000000e+00  -2.81122708174185e-04  -1.34688337903129e-03  -3.61626414822625e-03  -7.49696719156200e-03  -1.30792868793541e-02  -1.96845875873314e-02  -2.72547297406773e-02  -3.68742152277295e-02  -5.06367404349411e-02  -6.75630628496270e-02
0.00000000000000e+00  -2.76590115557664e-04  -1.32313820611705e-03  -3.54520382661998e-03  -7.32898831455366e-03  -1.27333249230556e-02  -1.91384762376733e-02  -2.63507224542037e-02  -3.62019381677038e-02  -4.97032151136858e-02  -6.63049898911040e-02
0.00000000000000e+00  -2.72171139039146e-04  -1.29990981483902e-03  -3.47550484771583e-03  -7.16395676480893e-03  -1.23932317541707e-02  -1.86016929641446e-02  -2.55915047921140e-02  -3.55420520155890e-02  -4.87864116126451e-02  -6.50688751402269e-02
0.00000000000000e+00  -2.67861429991406e-04  -1.27717907325413e-03  -3.40711969939388e-03  -7.00177973759895e-03  -1.20588503118837e-02  -1.80740052874189e-02  -2.48593479780217e-02  -3.48941515211105e-02  -4.78857952821540e-02  -6.38540322059081e-02
0.00000000000000e+00  -2.63656833287988e-04  -1.25492760266074e-03  -3.34000246182373e-03  -6.84236696111077e-03  -1.17300268320552e-02  -1.75551850269482e-02  -2.41501573297957e-02  -3.42578417042338e-02  -4.70008435991053e-02  -6.26597884453070e-02
0.00000000000000e+00  -2.59553377487535e-04  -1.23313774357949e-03  -3.27410874944176e-03  -6.68563064282732e-03  -1.14066108763178e-02  -1.70450084285261e-02  -2.36587762458710e-02  -3.36327377806471e-02  -4.61310462233469e-02  -6.14854852346615e-02
0.00000000000000e+00  -2.55547265472307e-04  -1.21179252271406e-03  -3.20939565253605e-03  -6.53148540906328e-03  -1.10884553380395e-02  -1.65432562492298e-02  -2.32338380594054e-02  -3.30184650342212e-02  -4.52759049669335e-02  -6.03304781062594e-02
0.00000000000000e+00  -2.51634865530363e-04  -1.19087562094364e-03  -3.14582167883462e-03  -6.37984823900219e-03  -1.07754164285551e-02  -1.60497138056657e-02  -2.28163701384774e-02  -3.24146586453938e-02  -4.44349336897942e-02  -5.91941367712059e-02
0.00000000000000e+00  -2.47812702868497e-04  -1.17037134237789e-03  -3.08334669541057e-03  -6.23063839436539e-03  -1.04673536465904e-02  -1.55641709906429e-02  -2.24061155522799e-02  -3.18209634830678e-02  -4.36076581334006e-02  -5.80758450448642e-02
0.00000000000000e+00  -2.44077451541116e-04  -1.15026458448691e-03  -3.02193187114925e-03  -6.08377734565522e-03  -1.01641297333909e-02  -1.50864222627090e-02  -2.20028247437852e-02  -3.12370338664536e-02  -4.27936157023104e-02  -5.69750006894274e-02
0.00000000000000e+00  -2.40425926779065e-04  -1.13054080930524e-03  -2.96153961996485e-03  -5.93918869575602e-03  -9.86561061570963e-03  -1.46162666123803e-02  -2.16062552902805e-02  -3.06625333022815e-02  -4.19923552019877e-02  -5.58910151859919e-02
0.00000000000000e+00  -2.36855077701528e-04  -1.11118601569696e-03  -2.90213354490489e-03  -5.79679810153872e-03  -9.59478279730466e-03  -1.42858987561447e-02  -2.12161716548637e-02  -3.00971342019460e-02  -4.12034365400155e-02  -5.48233134466754e-02
0.00000000000000e+00  -2.33361980393736e-04  -1.09218671266051e-03  -2.84367838324048e-03  -5.65653319399680e-03  -9.34470943850129e-03  -1.40338678060815e-02  -2.08323449311453e-02  -2.95405175823913e-02  -4.04264303967067e-02  -5.37713334757421e-02
0.00000000000000e+00  -2.29943831332980e-04  -1.07352989364413e-03  -2.78613995260528e-03  -5.51832349733901e-03  -9.09832169486391e-03  -1.37859492390524e-02  -2.04545525829878e-02  -2.89923727538980e-02  -3.96609178701504e-02  -5.27345259873080e-02
0.00000000000000e+00  -2.26597941145398e-04  -1.05520301183749e-03  -2.72948509821697e-03  -5.38210034737490e-03  -8.85550441303243e-03  -1.35419951491871e-02  -2.00825781807560e-02  -2.84523969973702e-02  -3.89064900998836e-02  -5.17123539859916e-02
0.00000000000000e+00  -2.23321728676268e-04  -1.03719395640038e-03  -2.67368164118986e-03  -5.24779680945332e-03  -8.61614518517993e-03  -1.33018618993617e-02  -1.97162111352409e-02  -2.79202952332219e-02  -3.81627478726411e-02  -5.07042923158083e-02
0.00000000000000e+00  -2.20112715356729e-04  -1.01949102958609e-03  -2.61869832792641e-03  -5.11534759614582e-03  -8.38013423224471e-03  -1.30654099197470e-02  -1.93552464301493e-02  -2.73957796835361e-02  -3.74293012129839e-02  -4.97098271816664e-02
0.00000000000000e+00  -2.16968519850280e-04  -1.00208292471392e-03  -2.56450478055626e-03  -4.98468898480724e-03  -8.16136862188835e-03  -1.28325035080817e-02  -1.89994843538124e-02  -2.68785695287862e-02  -3.67057689610306e-02  -4.87284556469991e-02
0.00000000000000e+00  -2.13886852962814e-04  -9.84958704943896e-04  -2.51107144837667e-03  -4.85575873509451e-03  -8.01244986942214e-03  -1.26030106318018e-02  -1.86487302305602e-02  -2.63683905600747e-02  -3.59917783390090e-02  -4.77596851103120e-02
0.00000000000000e+00  -2.10865512800401e-04  -9.68107782804075e-04  -2.45836956023298e-03  -4.72849600647601e-03  -7.87403063886582e-03  -1.23768027320563e-02  -1.83027941520180e-02  -2.58649748275389e-02  -3.52869645078802e-02  -4.68030327627752e-02
0.00000000000000e+00  -2.07902380159516e-04  -9.51519900420467e-04  -2.40637107776553e-03  -4.60284127572278e-03  -7.73764287056036e-03  -1.21537545295377e-02  -1.79614907084175e-02  -2.53680602853073e-02  -3.45909701148800e-02  -4.58580250283733e-02
0.00000000000000e+00  -2.04995414134909e-04  -9.35185110397686e-04  -2.35504864943884e-03  -4.48385664336812e-03  -7.60320911804020e-03  -1.19337438319755e-02  -1.76246387198593e-02  -2.48773904331367e-02  -3.39034448324380e-02  -4.49241969875790e-02
0.00000000000000e+00  -2.02142647930730e-04  -9.19093757297765e-04  -2.30437556525668e-03  -4.37602721174005e-03  -7.47065393045326e-03  -1.17166513430552e-02  -1.72920609673233e-02  -2.43927139546333e-02  -3.32240448885857e-02  -4.40010917850053e-02
0.00000000000000e+00  -1.99342184861025e-04  -9.03236459663445e-04  -2.25432571205731e-03  -4.29526396949589e-03  -7.33990372664809e-03  -1.15023604724574e-02  -1.69635839230916e-02  -2.39137843517436e-02  -3.25524325886325e-02  -4.30882600210024e-02
0.00000000000000e+00  -1.96592194526123e-04  -8.87604092531250e-04  -2.20487352927299e-03  -4.22371464120434e-03  -7.21088667074505e-03  -1.12907571466311e-02  -1.66390374801176e-02  -2.34403595749915e-02  -3.18882758275715e-02  -4.21852591267077e-02
0.00000000000000e+00  -1.93890909151775e-04  -8.72187770378292e-04  -2.15599396502709e-03  -4.15315269203852e-03  -7.08353254886740e-03  -1.10817296198512e-02  -1.63182546797535e-02  -2.29722016487377e-02  -3.12312475923671e-02  -4.12916527216050e-02
0.00000000000000e+00  -1.91236620078307e-04  -8.56978830445566e-04  -2.10766243243201e-03  -4.08353875450082e-03  -6.95777264667275e-03  -1.08751682850356e-02  -1.60010714371184e-02  -2.25090762905316e-02  -3.05810254529678e-02  -4.04070099522007e-02
0.00000000000000e+00  -1.88627674387267e-04  -8.41968816378667e-04  -2.06307407477778e-03  -4.01483435532477e-03  -6.83353962728703e-03  -1.06709654837214e-02  -1.56873262632637e-02  -2.20507525234211e-02  -2.99372910405731e-02  -3.95309048099707e-02
0.00000000000000e+00  -1.86062471653326e-04  -8.27149462124982e-04  -2.03019063901328e-03  -3.94700184433824e-03  -6.71076740920292e-03  -1.04690153145266e-02  -1.53768599831561e-02  -2.15970022798664e-02  -2.92997295113598e-02  -3.86629154262665e-02
0.00000000000000e+00  -1.83539460809299e-04  -8.12512676023847e-04  -1.99826832881580e-03  -3.88000432363644e-03  -6.58939104366121e-03  -1.02692134393336e-02  -1.50695154483543e-02  -2.11475999956811e-02  -2.86680289935287e-02  -3.78026233413692e-02
0.00000000000000e+00  -1.81057137112293e-04  -7.98050525023450e-04  -1.96676681411351e-03  -3.81380557676471e-03  -6.46934659098477e-03  -1.00714568863465e-02  -1.47651372430996e-02  -2.07023221921707e-02  -2.80418800151637e-02  -3.69496127443590e-02
0.00000000000000e+00  -1.78614039198927e-04  -7.85705405442132e-04  -1.93566865829039e-03  -3.74836999758653e-03  -6.35057099528029e-03  -9.87564384906334e-03  -1.44635713823692e-02  -2.02609470443734e-02  -2.74209749099935e-02  -3.61034696798888e-02
0.00000000000000e+00  -1.76208746217560e-04  -7.74475766309130e-04  -1.90495675655559e-03  -3.68366251848385e-03  -6.23300195686190e-03  -9.68167348009980e-03  -1.41646650002496e-02  -1.98232539330055e-02  -2.68050071977036e-02  -3.52637812173222e-02
0.00000000000000e+00  -1.73907934708702e-04  -7.63401779658740e-04  -1.87461430088784e-03  -3.61964853750284e-03  -6.11657780167968e-03  -9.48944567866340e-03  -1.38682660267682e-02  -1.93890229773773e-02  -2.61936709349432e-02  -3.44301345769872e-02
0.00000000000000e+00  -1.71751389395407e-04  -7.52477252039559e-04  -1.84462474465667e-03  -3.55629384402072e-03  -6.00123734695546e-03  -9.29886087033433e-03  -1.35742228510806e-02  -1.89580345461672e-02  -2.55866600326171e-02  -3.36021162075026e-02
0.00000000000000e+00  -1.69629278031675e-04  -7.41696110708449e-04  -1.81497176671087e-03  -3.49356454246342e-03  -5.88691976213446e-03  -9.10981977763628e-03  -1.32823839686251e-02  -1.85300687425010e-02  -2.49836675344081e-02  -3.27793108072342e-02
0.00000000000000e+00  -1.67540400592436e-04  -7.31052390640507e-04  -1.78563923470470e-03  -3.43142697355122e-03  -5.77356442415211e-03  -8.92222317968512e-03  -1.29925976095338e-02  -1.81049048592874e-02  -2.43843848507412e-02  -3.19613002818958e-02
